id,name,age,gender,updated
1,name1,46,1,2020-04-10 10:36:10.000
2,name2,52,2,2020-04-10 10:36:10.000
3,name3,44,1,2020-04-10 10:36:10.000
4,name4,31,2,2020-04-10 10:36:10.000
5,name5,45,1,2020-04-10 10:36:10.000
6,name6,42,2,2020-04-10 10:36:10.000
7,name7,30,2,2020-04-10 10:36:10.000
8,name8,55,2,2020-04-10 10:36:10.000
9,name9,47,1,2020-04-10 10:36:10.000
10,name10,29,1,2020-04-10 10:36:10.000
11,name11,33,1,2020-04-10 10:36:10.000
12,name12,52,1,2020-04-10 10:36:10.000
13,name13,21,1,2020-04-10 10:36:10.000
14,name14,24,2,2020-04-10 10:36:10.000
15,name15,48,2,2020-04-10 10:36:10.000
16,name16,42,2,2020-04-10 10:36:10.000
17,name17,29,1,2020-04-10 10:36:10.000
18,name18,21,1,2020-04-10 10:36:10.000
19,name19,35,2,2020-04-10 10:36:10.000
20,name20,35,1,2020-04-10 10:36:10.000
21,name21,43,2,2020-04-10 10:36:10.000
22,name22,19,2,2020-04-10 10:36:10.000
23,name23,57,1,2020-04-10 10:36:10.000
24,name24,36,2,2020-04-10 10:36:10.000
25,name25,42,1,2020-04-10 10:36:10.000
26,name26,56,1,2020-04-10 10:36:10.000
27,name27,38,1,2020-04-10 10:36:10.000
28,name28,25,1,2020-04-10 10:36:10.000
29,name29,44,1,2020-04-10 10:36:10.000
30,name30,28,2,2020-04-10 10:36:10.000
31,name31,57,1,2020-04-10 10:36:10.000
32,name32,54,2,2020-04-10 10:36:10.000
33,name33,42,2,2020-04-10 10:36:10.000
34,name34,53,1,2020-04-10 10:36:10.000
35,name35,52,2,2020-04-10 10:36:10.000
36,name36,47,2,2020-04-10 10:36:10.000
37,name37,39,1,2020-04-10 10:36:10.000
38,name38,26,1,2020-04-10 10:36:10.000
39,name39,36,2,2020-04-10 10:36:10.000
40,name40,42,2,2020-04-10 10:36:10.000
41,name41,33,2,2020-04-10 10:36:10.000
42,name42,56,2,2020-04-10 10:36:10.000
43,name43,37,2,2020-04-10 10:36:10.000
44,name44,53,2,2020-04-10 10:36:10.000
45,name45,34,1,2020-04-10 10:36:10.000
46,name46,40,2,2020-04-10 10:36:10.000
47,name47,35,1,2020-04-10 10:36:10.000
48,name48,31,1,2020-04-10 10:36:10.000
49,name49,39,1,2020-04-10 10:36:10.000
50,name50,54,1,2020-04-10 10:36:10.000
51,name51,26,2,2020-04-10 10:36:10.000
52,name52,24,1,2020-04-10 10:36:10.000
53,name53,36,2,2020-04-10 10:36:10.000
54,name54,23,2,2020-04-10 10:36:10.000
55,name55,38,2,2020-04-10 10:36:10.000
56,name56,52,1,2020-04-10 10:36:10.000
57,name57,40,1,2020-04-10 10:36:10.000
58,name58,35,1,2020-04-10 10:36:10.000
59,name59,22,1,2020-04-10 10:36:10.000
60,name60,19,1,2020-04-10 10:36:10.000
61,name61,51,1,2020-04-10 10:36:10.000
62,name62,20,1,2020-04-10 10:36:10.000
63,name63,49,2,2020-04-10 10:36:10.000
64,name64,31,2,2020-04-10 10:36:10.000
65,name65,41,1,2020-04-10 10:36:10.000
66,name66,54,2,2020-04-10 10:36:10.000
67,name67,50,2,2020-04-10 10:36:10.000
68,name68,41,1,2020-04-10 10:36:10.000
69,name69,40,1,2020-04-10 10:36:10.000
70,name70,53,1,2020-04-10 10:36:10.000
71,name71,44,1,2020-04-10 10:36:10.000
72,name72,55,1,2020-04-10 10:36:10.000
73,name73,29,2,2020-04-10 10:36:10.000
74,name74,53,1,2020-04-10 10:36:10.000
75,name75,51,1,2020-04-10 10:36:10.000
76,name76,36,1,2020-04-10 10:36:10.000
77,name77,47,2,2020-04-10 10:36:10.000
78,name78,33,1,2020-04-10 10:36:10.000
79,name79,18,1,2020-04-10 10:36:10.000
80,name80,42,1,2020-04-10 10:36:10.000
81,name81,19,2,2020-04-10 10:36:10.000
82,name82,53,2,2020-04-10 10:36:10.000
83,name83,38,1,2020-04-10 10:36:10.000
84,name84,47,2,2020-04-10 10:36:10.000
85,name85,21,1,2020-04-10 10:36:10.000
86,name86,22,1,2020-04-10 10:36:10.000
87,name87,36,1,2020-04-10 10:36:10.000
88,name88,21,1,2020-04-10 10:36:10.000
89,name89,47,1,2020-04-10 10:36:10.000
90,name90,54,1,2020-04-10 10:36:10.000
91,name91,28,2,2020-04-10 10:36:10.000
92,name92,52,2,2020-04-10 10:36:10.000
93,name93,34,1,2020-04-10 10:36:10.000
94,name94,41,1,2020-04-10 10:36:10.000
95,name95,23,1,2020-04-10 10:36:10.000
96,name96,55,2,2020-04-10 10:36:10.000
97,name97,25,2,2020-04-10 10:36:10.000
98,name98,33,1,2020-04-10 10:36:10.000
99,name99,57,2,2020-04-10 10:36:10.000
100,name100,24,1,2020-04-10 10:36:10.000
